r=10;
A = [5 2*r r; 3 6 (2*r - 1); 2 r-1 3*r];
B = [2;3;5];
xyz = A\B
% x=  -0.1041
%  y=  0.0462
%  z= 0.1598